time   required_computation      processed_computation     high_level_computation access_server_computation  level_2_computation    level_3_computation    efficiency      changing_factor
1      64800000000               64800000000               0                      64800000000            0                      0                      1.000000        10.800000      
2      69600000000               69600000000               0                      69600000000            0                      0                      1.000000        11.600000      
3      74400000000               74400000000               0                      74400000000            0                      0                      1.000000        12.400000      
4      79200000000               79200000000               0                      79200000000            0                      0                      1.000000        13.200000      
5      84000000000               84000000000               0                      84000000000            0                      0                      1.000000        14.000000      
6      88800000000               88800000000               0                      88800000000            0                      0                      1.000000        14.800000      
7      93600000000               93600000000               0                      93600000000            0                      0                      1.000000        15.600000      
8      98400000000               98400000000               0                      98400000000            0                      0                      1.000000        16.400000      
9      103200000000              103200000000              0                      103200000000           0                      0                      1.000000        17.200000      
10     108000000000              108000000000              0                      108000000000           0                      0                      1.000000        18.000000      
11     112800000000              112800000000              0                      112800000000           0                      0                      1.000000        18.800000      
12     117600000000              117600000000              0                      117600000000           0                      0                      1.000000        19.600000      
13     122400000000              122400000000              2400000000             120000000000           1368000000             1032000000             1.000000        20.400000      
14     127200000000              127200000000              7200000000             120000000000           3200000000             4000000000             1.000000        21.200000      
15     132000000000              132000000000              12000000000            120000000000           6640000000             5360000000             1.000000        22.000000      
16     136800000000              136800000000              16800000000            120000000000           1296000000             15504000000            1.000000        22.800000      
17     141600000000              141600000000              21600000000            120000000000           2496000000             19104000000            1.000000        23.600000      
18     146400000000              146400000000              26400000000            120000000000           11280000000            15120000000            1.000000        24.400000      
19     151200000000              151200000000              31200000000            120000000000           12288000000            18912000000            1.000000        25.200000      
20     156000000000              156000000000              36000000000            120000000000           14680000000            21320000000            1.000000        26.000000      
21     160800000000              160800000000              40800000000            120000000000           15784000000            25016000000            1.000000        26.800000      
22     165600000000              165600000000              45600000000            120000000000           13248000000            32352000000            1.000000        27.600000      
23     170400000000              170400000000              50400000000            120000000000           20832000000            29568000000            1.000000        28.400000      
24     175200000000              175200000000              55200000000            120000000000           26664000000            28536000000            1.000000        29.200000      
25     180000000000              180000000000              60000000000            120000000000           21600000000            38400000000            1.000000        30.000000      
26     184800000000              184800000000              64800000000            120000000000           28992000000            35808000000            1.000000        30.800000      
27     189600000000              189600000000              69600000000            120000000000           31080000000            38520000000            1.000000        31.600000      
28     194400000000              194400000000              74400000000            120000000000           36000000000            38400000000            1.000000        32.400000      
29     199200000000              199200000000              79200000000            120000000000           29568000000            49632000000            1.000000        33.200000      
30     204000000000              204000000000              84000000000            120000000000           30000000000            54000000000            1.000000        34.000000      
31     208800000000              208800000000              88800000000            120000000000           34800000000            54000000000            1.000000        34.800000      
32     213600000000              210000000000              90000000000            120000000000           36000000000            54000000000            0.983146        35.600000      
33     218400000000              210000000000              90000000000            120000000000           36000000000            54000000000            0.961538        36.400000      
34     223200000000              210000000000              90000000000            120000000000           36000000000            54000000000            0.940860        37.200000      
35     228000000000              210000000000              90000000000            120000000000           36000000000            54000000000            0.921053        38.000000      
36     232800000000              210000000000              90000000000            120000000000           36000000000            54000000000            0.902062        38.800000      
37     237600000000              210000000000              90000000000            120000000000           36000000000            54000000000            0.883838        39.600000      
38     242400000000              210000000000              90000000000            120000000000           36000000000            54000000000            0.866337        40.400000      
39     247200000000              210000000000              90000000000            120000000000           36000000000            54000000000            0.849515        41.200000      
40     252000000000              210000000000              90000000000            120000000000           36000000000            54000000000            0.833333        42.000000      
41     256800000000              210000000000              90000000000            120000000000           36000000000            54000000000            0.817757        42.800000      
42     261600000000              210000000000              90000000000            120000000000           36000000000            54000000000            0.802752        43.600000      
43     266400000000              210000000000              90000000000            120000000000           36000000000            54000000000            0.788288        44.400000      
44     271200000000              210000000000              90000000000            120000000000           36000000000            54000000000            0.774336        45.200000      
45     276000000000              210000000000              90000000000            120000000000           36000000000            54000000000            0.760870        46.000000      
46     280800000000              210000000000              90000000000            120000000000           36000000000            54000000000            0.747863        46.800000      
47     285600000000              210000000000              90000000000            120000000000           36000000000            54000000000            0.735294        47.600000      
48     290400000000              210000000000              90000000000            120000000000           36000000000            54000000000            0.723140        48.400000      
49     295200000000              210000000000              90000000000            120000000000           36000000000            54000000000            0.711382        49.200000      
50     300000000000              210000000000              90000000000            120000000000           36000000000            54000000000            0.700000        50.000000      
51     304800000000              210000000000              90000000000            120000000000           36000000000            54000000000            0.688976        50.800000      
52     309600000000              210000000000              90000000000            120000000000           36000000000            54000000000            0.678295        51.600000      
53     314400000000              210000000000              90000000000            120000000000           36000000000            54000000000            0.667939        52.400000      
54     319200000000              210000000000              90000000000            120000000000           36000000000            54000000000            0.657895        53.200000      
55     324000000000              210000000000              90000000000            120000000000           36000000000            54000000000            0.648148        54.000000      
56     328800000000              210000000000              90000000000            120000000000           36000000000            54000000000            0.638686        54.800000      
57     333600000000              210000000000              90000000000            120000000000           36000000000            54000000000            0.629496        55.600000      
58     338400000000              210000000000              90000000000            120000000000           36000000000            54000000000            0.620567        56.400000      
59     343200000000              210000000000              90000000000            120000000000           36000000000            54000000000            0.611888        57.200000      
60     348000000000              210000000000              90000000000            120000000000           36000000000            54000000000            0.603448        58.000000      
61     352800000000              210000000000              90000000000            120000000000           36000000000            54000000000            0.595238        58.800000      
62     357600000000              210000000000              90000000000            120000000000           36000000000            54000000000            0.587248        59.600000      
63     362400000000              210000000000              90000000000            120000000000           36000000000            54000000000            0.579470        60.400000      
64     367200000000              210000000000              90000000000            120000000000           36000000000            54000000000            0.571895        61.200000      
65     372000000000              210000000000              90000000000            120000000000           36000000000            54000000000            0.564516        62.000000      
66     376800000000              210000000000              90000000000            120000000000           36000000000            54000000000            0.557325        62.800000      
67     381600000000              210000000000              90000000000            120000000000           36000000000            54000000000            0.550314        63.600000      
68     386400000000              210000000000              90000000000            120000000000           36000000000            54000000000            0.543478        64.400000      
69     391200000000              210000000000              90000000000            120000000000           36000000000            54000000000            0.536810        65.200000      
70     396000000000              210000000000              90000000000            120000000000           36000000000            54000000000            0.530303        66.000000      
71     400800000000              210000000000              90000000000            120000000000           36000000000            54000000000            0.523952        66.800000      
72     405600000000              210000000000              90000000000            120000000000           36000000000            54000000000            0.517751        67.600000      
73     410400000000              210000000000              90000000000            120000000000           36000000000            54000000000            0.511696        68.400000      
74     415200000000              210000000000              90000000000            120000000000           36000000000            54000000000            0.505780        69.200000      
75     420000000000              210000000000              90000000000            120000000000           36000000000            54000000000            0.500000        70.000000      
76     424800000000              210000000000              90000000000            120000000000           36000000000            54000000000            0.494350        70.800000      
77     429600000000              210000000000              90000000000            120000000000           36000000000            54000000000            0.488827        71.600000      
78     434400000000              210000000000              90000000000            120000000000           36000000000            54000000000            0.483425        72.400000      
79     439200000000              210000000000              90000000000            120000000000           36000000000            54000000000            0.478142        73.200000      
80     444000000000              210000000000              90000000000            120000000000           36000000000            54000000000            0.472973        74.000000      
81     448800000000              210000000000              90000000000            120000000000           36000000000            54000000000            0.467914        74.800000      
82     453600000000              210000000000              90000000000            120000000000           36000000000            54000000000            0.462963        75.600000      
83     458400000000              210000000000              90000000000            120000000000           36000000000            54000000000            0.458115        76.400000      
84     463200000000              210000000000              90000000000            120000000000           36000000000            54000000000            0.453368        77.200000      
85     468000000000              210000000000              90000000000            120000000000           36000000000            54000000000            0.448718        78.000000      
86     472800000000              210000000000              90000000000            120000000000           36000000000            54000000000            0.444162        78.800000      
87     477600000000              210000000000              90000000000            120000000000           36000000000            54000000000            0.439698        79.600000      
88     482400000000              210000000000              90000000000            120000000000           36000000000            54000000000            0.435323        80.400000      
89     487200000000              210000000000              90000000000            120000000000           36000000000            54000000000            0.431034        81.200000      
90     492000000000              210000000000              90000000000            120000000000           36000000000            54000000000            0.426829        82.000000      
91     496800000000              210000000000              90000000000            120000000000           36000000000            54000000000            0.422705        82.800000      
92     501600000000              210000000000              90000000000            120000000000           36000000000            54000000000            0.418660        83.600000      
93     506400000000              210000000000              90000000000            120000000000           36000000000            54000000000            0.414692        84.400000      
94     511200000000              210000000000              90000000000            120000000000           36000000000            54000000000            0.410798        85.200000      
95     516000000000              210000000000              90000000000            120000000000           36000000000            54000000000            0.406977        86.000000      
96     520800000000              210000000000              90000000000            120000000000           36000000000            54000000000            0.403226        86.800000      
97     525600000000              210000000000              90000000000            120000000000           36000000000            54000000000            0.399543        87.600000      
98     530400000000              210000000000              90000000000            120000000000           36000000000            54000000000            0.395928        88.400000      
99     535200000000              210000000000              90000000000            120000000000           36000000000            54000000000            0.392377        89.200000      
100    540000000000              210000000000              90000000000            120000000000           36000000000            54000000000            0.388889        90.000000      
