time   required_computation      processed_computation     high_level_computation access_server_computation  level_2_computation    level_3_computation    efficiency      changing_factor
1      64800000000               64800000000               0                      64800000000            0                      0                      1.000000        10.800000      
2      69600000000               69600000000               0                      69600000000            0                      0                      1.000000        11.600000      
3      74400000000               74400000000               0                      74400000000            0                      0                      1.000000        12.400000      
4      79200000000               79200000000               0                      79200000000            0                      0                      1.000000        13.200000      
5      84000000000               84000000000               0                      84000000000            0                      0                      1.000000        14.000000      
6      88800000000               88800000000               0                      88800000000            0                      0                      1.000000        14.800000      
7      93600000000               93600000000               0                      93600000000            0                      0                      1.000000        15.600000      
8      98400000000               98400000000               0                      98400000000            0                      0                      1.000000        16.400000      
9      103200000000              103200000000              0                      103200000000           0                      0                      1.000000        17.200000      
10     108000000000              108000000000              0                      108000000000           0                      0                      1.000000        18.000000      
11     112800000000              112800000000              0                      112800000000           0                      0                      1.000000        18.800000      
12     117600000000              117600000000              0                      117600000000           0                      0                      1.000000        19.600000      
13     122400000000              120000000000              0                      120000000000           0                      0                      0.980392        20.400000      
14     127200000000              120000000000              0                      120000000000           0                      0                      0.943396        21.200000      
15     132000000000              120000000000              0                      120000000000           0                      0                      0.909091        22.000000      
16     136800000000              120000000000              0                      120000000000           0                      0                      0.877193        22.800000      
17     141600000000              120000000000              0                      120000000000           0                      0                      0.847458        23.600000      
18     146400000000              120000000000              0                      120000000000           0                      0                      0.819672        24.400000      
19     151200000000              120000000000              0                      120000000000           0                      0                      0.793651        25.200000      
20     156000000000              120000000000              0                      120000000000           0                      0                      0.769231        26.000000      
21     160800000000              120000000000              0                      120000000000           0                      0                      0.746269        26.800000      
22     165600000000              120000000000              0                      120000000000           0                      0                      0.724638        27.600000      
23     170400000000              120000000000              0                      120000000000           0                      0                      0.704225        28.400000      
24     175200000000              120000000000              0                      120000000000           0                      0                      0.684932        29.200000      
25     180000000000              120000000000              0                      120000000000           0                      0                      0.666667        30.000000      
26     184800000000              120000000000              0                      120000000000           0                      0                      0.649351        30.800000      
27     189600000000              120000000000              0                      120000000000           0                      0                      0.632911        31.600000      
28     194400000000              120000000000              0                      120000000000           0                      0                      0.617284        32.400000      
29     199200000000              120000000000              0                      120000000000           0                      0                      0.602410        33.200000      
30     204000000000              120000000000              0                      120000000000           0                      0                      0.588235        34.000000      
31     208800000000              120000000000              0                      120000000000           0                      0                      0.574713        34.800000      
32     213600000000              120000000000              0                      120000000000           0                      0                      0.561798        35.600000      
33     218400000000              120000000000              0                      120000000000           0                      0                      0.549451        36.400000      
34     223200000000              120000000000              0                      120000000000           0                      0                      0.537634        37.200000      
35     228000000000              120000000000              0                      120000000000           0                      0                      0.526316        38.000000      
36     232800000000              120000000000              0                      120000000000           0                      0                      0.515464        38.800000      
37     237600000000              120000000000              0                      120000000000           0                      0                      0.505051        39.600000      
38     242400000000              120000000000              0                      120000000000           0                      0                      0.495050        40.400000      
39     247200000000              120000000000              0                      120000000000           0                      0                      0.485437        41.200000      
40     252000000000              120000000000              0                      120000000000           0                      0                      0.476190        42.000000      
41     256800000000              120000000000              0                      120000000000           0                      0                      0.467290        42.800000      
42     261600000000              120000000000              0                      120000000000           0                      0                      0.458716        43.600000      
43     266400000000              120000000000              0                      120000000000           0                      0                      0.450450        44.400000      
44     271200000000              120000000000              0                      120000000000           0                      0                      0.442478        45.200000      
45     276000000000              120000000000              0                      120000000000           0                      0                      0.434783        46.000000      
46     280800000000              120000000000              0                      120000000000           0                      0                      0.427350        46.800000      
47     285600000000              120000000000              0                      120000000000           0                      0                      0.420168        47.600000      
48     290400000000              120000000000              0                      120000000000           0                      0                      0.413223        48.400000      
49     295200000000              120000000000              0                      120000000000           0                      0                      0.406504        49.200000      
50     300000000000              120000000000              0                      120000000000           0                      0                      0.400000        50.000000      
51     304800000000              120000000000              0                      120000000000           0                      0                      0.393701        50.800000      
52     309600000000              120000000000              0                      120000000000           0                      0                      0.387597        51.600000      
53     314400000000              120000000000              0                      120000000000           0                      0                      0.381679        52.400000      
54     319200000000              120000000000              0                      120000000000           0                      0                      0.375940        53.200000      
55     324000000000              120000000000              0                      120000000000           0                      0                      0.370370        54.000000      
56     328800000000              120000000000              0                      120000000000           0                      0                      0.364964        54.800000      
57     333600000000              120000000000              0                      120000000000           0                      0                      0.359712        55.600000      
58     338400000000              120000000000              0                      120000000000           0                      0                      0.354610        56.400000      
59     343200000000              120000000000              0                      120000000000           0                      0                      0.349650        57.200000      
60     348000000000              120000000000              0                      120000000000           0                      0                      0.344828        58.000000      
61     352800000000              120000000000              0                      120000000000           0                      0                      0.340136        58.800000      
62     357600000000              120000000000              0                      120000000000           0                      0                      0.335570        59.600000      
63     362400000000              120000000000              0                      120000000000           0                      0                      0.331126        60.400000      
64     367200000000              120000000000              0                      120000000000           0                      0                      0.326797        61.200000      
65     372000000000              120000000000              0                      120000000000           0                      0                      0.322581        62.000000      
66     376800000000              120000000000              0                      120000000000           0                      0                      0.318471        62.800000      
67     381600000000              120000000000              0                      120000000000           0                      0                      0.314465        63.600000      
68     386400000000              120000000000              0                      120000000000           0                      0                      0.310559        64.400000      
69     391200000000              120000000000              0                      120000000000           0                      0                      0.306748        65.200000      
70     396000000000              120000000000              0                      120000000000           0                      0                      0.303030        66.000000      
71     400800000000              120000000000              0                      120000000000           0                      0                      0.299401        66.800000      
72     405600000000              120000000000              0                      120000000000           0                      0                      0.295858        67.600000      
73     410400000000              120000000000              0                      120000000000           0                      0                      0.292398        68.400000      
74     415200000000              120000000000              0                      120000000000           0                      0                      0.289017        69.200000      
75     420000000000              120000000000              0                      120000000000           0                      0                      0.285714        70.000000      
76     424800000000              120000000000              0                      120000000000           0                      0                      0.282486        70.800000      
77     429600000000              120000000000              0                      120000000000           0                      0                      0.279330        71.600000      
78     434400000000              120000000000              0                      120000000000           0                      0                      0.276243        72.400000      
79     439200000000              120000000000              0                      120000000000           0                      0                      0.273224        73.200000      
80     444000000000              120000000000              0                      120000000000           0                      0                      0.270270        74.000000      
81     448800000000              120000000000              0                      120000000000           0                      0                      0.267380        74.800000      
82     453600000000              120000000000              0                      120000000000           0                      0                      0.264550        75.600000      
83     458400000000              120000000000              0                      120000000000           0                      0                      0.261780        76.400000      
84     463200000000              120000000000              0                      120000000000           0                      0                      0.259067        77.200000      
85     468000000000              120000000000              0                      120000000000           0                      0                      0.256410        78.000000      
86     472800000000              120000000000              0                      120000000000           0                      0                      0.253807        78.800000      
87     477600000000              120000000000              0                      120000000000           0                      0                      0.251256        79.600000      
88     482400000000              120000000000              0                      120000000000           0                      0                      0.248756        80.400000      
89     487200000000              120000000000              0                      120000000000           0                      0                      0.246305        81.200000      
90     492000000000              120000000000              0                      120000000000           0                      0                      0.243902        82.000000      
91     496800000000              120000000000              0                      120000000000           0                      0                      0.241546        82.800000      
92     501600000000              120000000000              0                      120000000000           0                      0                      0.239234        83.600000      
93     506400000000              120000000000              0                      120000000000           0                      0                      0.236967        84.400000      
94     511200000000              120000000000              0                      120000000000           0                      0                      0.234742        85.200000      
95     516000000000              120000000000              0                      120000000000           0                      0                      0.232558        86.000000      
96     520800000000              120000000000              0                      120000000000           0                      0                      0.230415        86.800000      
97     525600000000              120000000000              0                      120000000000           0                      0                      0.228311        87.600000      
98     530400000000              120000000000              0                      120000000000           0                      0                      0.226244        88.400000      
99     535200000000              120000000000              0                      120000000000           0                      0                      0.224215        89.200000      
100    540000000000              120000000000              0                      120000000000           0                      0                      0.222222        90.000000      
