time   required_computation      processed_computation     high_level_computation access_server_computation  level_2_computation    level_3_computation    efficiency      changing_factor
1      64800000000               64800000000               0                      64800000000            0                      0                      1.000000        10.800000      
2      69600000000               69600000000               0                      69600000000            0                      0                      1.000000        11.600000      
3      74400000000               74400000000               0                      74400000000            0                      0                      1.000000        12.400000      
4      79200000000               79200000000               0                      79200000000            0                      0                      1.000000        13.200000      
5      84000000000               84000000000               0                      84000000000            0                      0                      1.000000        14.000000      
6      88800000000               88800000000               0                      88800000000            0                      0                      1.000000        14.800000      
7      93600000000               93600000000               0                      93600000000            0                      0                      1.000000        15.600000      
8      98400000000               98400000000               0                      98400000000            0                      0                      1.000000        16.400000      
9      103200000000              103200000000              0                      103200000000           0                      0                      1.000000        17.200000      
10     108000000000              108000000000              0                      108000000000           0                      0                      1.000000        18.000000      
11     112800000000              112800000000              0                      112800000000           0                      0                      1.000000        18.800000      
12     117600000000              117600000000              0                      117600000000           0                      0                      1.000000        19.600000      
13     122400000000              122400000000              2400000000             120000000000           0                      2400000000             1.000000        20.400000      
14     127200000000              127200000000              7200000000             120000000000           0                      7200000000             1.000000        21.200000      
15     132000000000              132000000000              12000000000            120000000000           0                      12000000000            1.000000        22.000000      
16     136800000000              136800000000              16800000000            120000000000           0                      16800000000            1.000000        22.800000      
17     141600000000              138000000000              18000000000            120000000000           0                      18000000000            0.974576        23.600000      
18     146400000000              138000000000              18000000000            120000000000           0                      18000000000            0.942623        24.400000      
19     151200000000              138000000000              18000000000            120000000000           0                      18000000000            0.912698        25.200000      
20     156000000000              138000000000              18000000000            120000000000           0                      18000000000            0.884615        26.000000      
21     160800000000              138000000000              18000000000            120000000000           0                      18000000000            0.858209        26.800000      
22     165600000000              138000000000              18000000000            120000000000           0                      18000000000            0.833333        27.600000      
23     170400000000              138000000000              18000000000            120000000000           0                      18000000000            0.809859        28.400000      
24     175200000000              138000000000              18000000000            120000000000           0                      18000000000            0.787671        29.200000      
25     180000000000              138000000000              18000000000            120000000000           0                      18000000000            0.766667        30.000000      
26     184800000000              138000000000              18000000000            120000000000           0                      18000000000            0.746753        30.800000      
27     189600000000              138000000000              18000000000            120000000000           0                      18000000000            0.727848        31.600000      
28     194400000000              138000000000              18000000000            120000000000           0                      18000000000            0.709877        32.400000      
29     199200000000              138000000000              18000000000            120000000000           0                      18000000000            0.692771        33.200000      
30     204000000000              138000000000              18000000000            120000000000           0                      18000000000            0.676471        34.000000      
31     208800000000              138000000000              18000000000            120000000000           0                      18000000000            0.660920        34.800000      
32     213600000000              138000000000              18000000000            120000000000           0                      18000000000            0.646067        35.600000      
33     218400000000              138000000000              18000000000            120000000000           0                      18000000000            0.631868        36.400000      
34     223200000000              138000000000              18000000000            120000000000           0                      18000000000            0.618280        37.200000      
35     228000000000              138000000000              18000000000            120000000000           0                      18000000000            0.605263        38.000000      
36     232800000000              138000000000              18000000000            120000000000           0                      18000000000            0.592784        38.800000      
37     237600000000              138000000000              18000000000            120000000000           0                      18000000000            0.580808        39.600000      
38     242400000000              138000000000              18000000000            120000000000           0                      18000000000            0.569307        40.400000      
39     247200000000              138000000000              18000000000            120000000000           0                      18000000000            0.558252        41.200000      
40     252000000000              138000000000              18000000000            120000000000           0                      18000000000            0.547619        42.000000      
41     256800000000              138000000000              18000000000            120000000000           0                      18000000000            0.537383        42.800000      
42     261600000000              138000000000              18000000000            120000000000           0                      18000000000            0.527523        43.600000      
43     266400000000              138000000000              18000000000            120000000000           0                      18000000000            0.518018        44.400000      
44     271200000000              138000000000              18000000000            120000000000           0                      18000000000            0.508850        45.200000      
45     276000000000              138000000000              18000000000            120000000000           0                      18000000000            0.500000        46.000000      
46     280800000000              138000000000              18000000000            120000000000           0                      18000000000            0.491453        46.800000      
47     285600000000              138000000000              18000000000            120000000000           0                      18000000000            0.483193        47.600000      
48     290400000000              138000000000              18000000000            120000000000           0                      18000000000            0.475207        48.400000      
49     295200000000              138000000000              18000000000            120000000000           0                      18000000000            0.467480        49.200000      
50     300000000000              138000000000              18000000000            120000000000           0                      18000000000            0.460000        50.000000      
51     304800000000              138000000000              18000000000            120000000000           0                      18000000000            0.452756        50.800000      
52     309600000000              138000000000              18000000000            120000000000           0                      18000000000            0.445736        51.600000      
53     314400000000              138000000000              18000000000            120000000000           0                      18000000000            0.438931        52.400000      
54     319200000000              138000000000              18000000000            120000000000           0                      18000000000            0.432331        53.200000      
55     324000000000              138000000000              18000000000            120000000000           0                      18000000000            0.425926        54.000000      
56     328800000000              138000000000              18000000000            120000000000           0                      18000000000            0.419708        54.800000      
57     333600000000              138000000000              18000000000            120000000000           0                      18000000000            0.413669        55.600000      
58     338400000000              138000000000              18000000000            120000000000           0                      18000000000            0.407801        56.400000      
59     343200000000              138000000000              18000000000            120000000000           0                      18000000000            0.402098        57.200000      
60     348000000000              138000000000              18000000000            120000000000           0                      18000000000            0.396552        58.000000      
61     352800000000              138000000000              18000000000            120000000000           0                      18000000000            0.391156        58.800000      
62     357600000000              138000000000              18000000000            120000000000           0                      18000000000            0.385906        59.600000      
63     362400000000              138000000000              18000000000            120000000000           0                      18000000000            0.380795        60.400000      
64     367200000000              138000000000              18000000000            120000000000           0                      18000000000            0.375817        61.200000      
65     372000000000              138000000000              18000000000            120000000000           0                      18000000000            0.370968        62.000000      
66     376800000000              138000000000              18000000000            120000000000           0                      18000000000            0.366242        62.800000      
67     381600000000              138000000000              18000000000            120000000000           0                      18000000000            0.361635        63.600000      
68     386400000000              138000000000              18000000000            120000000000           0                      18000000000            0.357143        64.400000      
69     391200000000              138000000000              18000000000            120000000000           0                      18000000000            0.352761        65.200000      
70     396000000000              138000000000              18000000000            120000000000           0                      18000000000            0.348485        66.000000      
71     400800000000              138000000000              18000000000            120000000000           0                      18000000000            0.344311        66.800000      
72     405600000000              138000000000              18000000000            120000000000           0                      18000000000            0.340237        67.600000      
73     410400000000              138000000000              18000000000            120000000000           0                      18000000000            0.336257        68.400000      
74     415200000000              138000000000              18000000000            120000000000           0                      18000000000            0.332370        69.200000      
75     420000000000              138000000000              18000000000            120000000000           0                      18000000000            0.328571        70.000000      
76     424800000000              138000000000              18000000000            120000000000           0                      18000000000            0.324859        70.800000      
77     429600000000              138000000000              18000000000            120000000000           0                      18000000000            0.321229        71.600000      
78     434400000000              138000000000              18000000000            120000000000           0                      18000000000            0.317680        72.400000      
79     439200000000              138000000000              18000000000            120000000000           0                      18000000000            0.314208        73.200000      
80     444000000000              138000000000              18000000000            120000000000           0                      18000000000            0.310811        74.000000      
81     448800000000              138000000000              18000000000            120000000000           0                      18000000000            0.307487        74.800000      
82     453600000000              138000000000              18000000000            120000000000           0                      18000000000            0.304233        75.600000      
83     458400000000              138000000000              18000000000            120000000000           0                      18000000000            0.301047        76.400000      
84     463200000000              138000000000              18000000000            120000000000           0                      18000000000            0.297927        77.200000      
85     468000000000              138000000000              18000000000            120000000000           0                      18000000000            0.294872        78.000000      
86     472800000000              138000000000              18000000000            120000000000           0                      18000000000            0.291878        78.800000      
87     477600000000              138000000000              18000000000            120000000000           0                      18000000000            0.288945        79.600000      
88     482400000000              138000000000              18000000000            120000000000           0                      18000000000            0.286070        80.400000      
89     487200000000              138000000000              18000000000            120000000000           0                      18000000000            0.283251        81.200000      
90     492000000000              138000000000              18000000000            120000000000           0                      18000000000            0.280488        82.000000      
91     496800000000              138000000000              18000000000            120000000000           0                      18000000000            0.277778        82.800000      
92     501600000000              138000000000              18000000000            120000000000           0                      18000000000            0.275120        83.600000      
93     506400000000              138000000000              18000000000            120000000000           0                      18000000000            0.272512        84.400000      
94     511200000000              138000000000              18000000000            120000000000           0                      18000000000            0.269953        85.200000      
95     516000000000              138000000000              18000000000            120000000000           0                      18000000000            0.267442        86.000000      
96     520800000000              138000000000              18000000000            120000000000           0                      18000000000            0.264977        86.800000      
97     525600000000              138000000000              18000000000            120000000000           0                      18000000000            0.262557        87.600000      
98     530400000000              138000000000              18000000000            120000000000           0                      18000000000            0.260181        88.400000      
99     535200000000              138000000000              18000000000            120000000000           0                      18000000000            0.257848        89.200000      
100    540000000000              138000000000              18000000000            120000000000           0                      18000000000            0.255556        90.000000      
