time   required_computation      processed_computation     high_level_computation access_server_computation  level_2_computation    level_3_computation    efficiency      changing_factor
1      230000000000              230000000000              110000000000           120000000000           42840000000            67160000000            1.000000        10.750000      
2      230000000000              230000000000              110000000000           120000000000           31860000000            78140000000            1.000000        11.500000      
3      230000000000              230000000000              110000000000           120000000000           52650000000            57350000000            1.000000        12.250000      
4      230000000000              230000000000              110000000000           120000000000           41760000000            68240000000            1.000000        13.000000      
5      230000000000              230000000000              110000000000           120000000000           32375000000            77625000000            1.000000        13.750000      
6      230000000000              230000000000              110000000000           120000000000           51300000000            58700000000            1.000000        14.500000      
7      230000000000              230000000000              110000000000           120000000000           33725000000            76275000000            1.000000        15.250000      
8      230000000000              230000000000              110000000000           120000000000           50400000000            59600000000            1.000000        16.000000      
9      230000000000              230000000000              110000000000           120000000000           49950000000            60050000000            1.000000        16.750000      
10     230000000000              230000000000              110000000000           120000000000           39600000000            70400000000            1.000000        17.500000      
11     230000000000              230000000000              110000000000           120000000000           36425000000            73575000000            1.000000        18.250000      
12     230000000000              230000000000              110000000000           120000000000           48600000000            61400000000            1.000000        19.000000      
13     230000000000              230000000000              110000000000           120000000000           48150000000            61850000000            1.000000        19.750000      
14     230000000000              230000000000              110000000000           120000000000           38450000000            71550000000            1.000000        20.500000      
15     230000000000              230000000000              110000000000           120000000000           42800000000            67200000000            1.000000        21.250000      
16     230000000000              230000000000              110000000000           120000000000           46800000000            63200000000            1.000000        22.000000      
17     230000000000              230000000000              110000000000           120000000000           40475000000            69525000000            1.000000        22.750000      
18     230000000000              230000000000              110000000000           120000000000           41150000000            68850000000            1.000000        23.500000      
19     230000000000              230000000000              110000000000           120000000000           45450000000            64550000000            1.000000        24.250000      
20     230000000000              230000000000              110000000000           120000000000           42500000000            67500000000            1.000000        25.000000      
21     230000000000              230000000000              110000000000           120000000000           43175000000            66825000000            1.000000        25.750000      
22     230000000000              230000000000              110000000000           120000000000           43850000000            66150000000            1.000000        26.500000      
23     230000000000              229125000000              109125000000           120000000000           43650000000            65475000000            0.996196        27.250000      
24     230000000000              228000000000              108000000000           120000000000           43200000000            64800000000            0.991304        28.000000      
25     230000000000              226875000000              106875000000           120000000000           42750000000            64125000000            0.986413        28.750000      
26     230000000000              225750000000              105750000000           120000000000           42300000000            63450000000            0.981522        29.500000      
27     230000000000              224625000000              104625000000           120000000000           41850000000            62775000000            0.976630        30.250000      
28     230000000000              223500000000              103500000000           120000000000           41400000000            62100000000            0.971739        31.000000      
29     230000000000              222375000000              102375000000           120000000000           40950000000            61425000000            0.966848        31.750000      
30     230000000000              221250000000              101250000000           120000000000           40500000000            60750000000            0.961957        32.500000      
31     230000000000              220125000000              100125000000           120000000000           40050000000            60075000000            0.957065        33.250000      
32     230000000000              219000000000              99000000000            120000000000           39600000000            59400000000            0.952174        34.000000      
33     230000000000              217875000000              97875000000            120000000000           39150000000            58725000000            0.947283        34.750000      
34     230000000000              216750000000              96750000000            120000000000           38700000000            58050000000            0.942391        35.500000      
35     230000000000              215625000000              95625000000            120000000000           38250000000            57375000000            0.937500        36.250000      
36     230000000000              214500000000              94500000000            120000000000           37800000000            56700000000            0.932609        37.000000      
37     230000000000              213375000000              93375000000            120000000000           37350000000            56025000000            0.927717        37.750000      
38     230000000000              212250000000              92250000000            120000000000           36900000000            55350000000            0.922826        38.500000      
39     230000000000              211125000000              91125000000            120000000000           36450000000            54675000000            0.917935        39.250000      
40     230000000000              210000000000              90000000000            120000000000           36000000000            54000000000            0.913043        40.000000      
41     230000000000              208875000000              88875000000            120000000000           35550000000            53325000000            0.908152        40.750000      
42     230000000000              207750000000              87750000000            120000000000           35100000000            52650000000            0.903261        41.500000      
43     230000000000              206625000000              86625000000            120000000000           34650000000            51975000000            0.898370        42.250000      
44     230000000000              205500000000              85500000000            120000000000           34200000000            51300000000            0.893478        43.000000      
45     230000000000              204375000000              84375000000            120000000000           33750000000            50625000000            0.888587        43.750000      
46     230000000000              203250000000              83250000000            120000000000           33300000000            49950000000            0.883696        44.500000      
47     230000000000              202125000000              82125000000            120000000000           32850000000            49275000000            0.878804        45.250000      
48     230000000000              201000000000              81000000000            120000000000           32400000000            48600000000            0.873913        46.000000      
49     230000000000              177925000000              57925000000            120000000000           10000000000            47925000000            0.773587        46.750000      
50     230000000000              177250000000              57250000000            120000000000           10000000000            47250000000            0.770652        47.500000      
51     230000000000              176575000000              56575000000            120000000000           10000000000            46575000000            0.767717        48.250000      
52     230000000000              175900000000              55900000000            120000000000           10000000000            45900000000            0.764783        49.000000      
53     230000000000              175225000000              55225000000            120000000000           10000000000            45225000000            0.761848        49.750000      
54     230000000000              174550000000              54550000000            120000000000           10000000000            44550000000            0.758913        50.500000      
55     230000000000              173875000000              53875000000            120000000000           10000000000            43875000000            0.755978        51.250000      
56     230000000000              173200000000              53200000000            120000000000           10000000000            43200000000            0.753043        52.000000      
57     230000000000              172525000000              52525000000            120000000000           10000000000            42525000000            0.750109        52.750000      
58     230000000000              171850000000              51850000000            120000000000           10000000000            41850000000            0.747174        53.500000      
59     230000000000              171175000000              51175000000            120000000000           10000000000            41175000000            0.744239        54.250000      
60     230000000000              170500000000              50500000000            120000000000           10000000000            40500000000            0.741304        55.000000      
61     230000000000              169825000000              49825000000            120000000000           10000000000            39825000000            0.738370        55.750000      
62     230000000000              169150000000              49150000000            120000000000           10000000000            39150000000            0.735435        56.500000      
63     230000000000              168475000000              48475000000            120000000000           10000000000            38475000000            0.732500        57.250000      
64     230000000000              167800000000              47800000000            120000000000           10000000000            37800000000            0.729565        58.000000      
65     230000000000              167125000000              47125000000            120000000000           10000000000            37125000000            0.726630        58.750000      
66     230000000000              166450000000              46450000000            120000000000           10000000000            36450000000            0.723696        59.500000      
67     230000000000              165775000000              45775000000            120000000000           10000000000            35775000000            0.720761        60.250000      
68     230000000000              165100000000              45100000000            120000000000           10000000000            35100000000            0.717826        61.000000      
69     230000000000              164425000000              44425000000            120000000000           10000000000            34425000000            0.714891        61.750000      
70     230000000000              163750000000              43750000000            120000000000           10000000000            33750000000            0.711957        62.500000      
71     230000000000              163075000000              43075000000            120000000000           10000000000            33075000000            0.709022        63.250000      
72     230000000000              162400000000              42400000000            120000000000           10000000000            32400000000            0.706087        64.000000      
73     230000000000              161725000000              41725000000            120000000000           10000000000            31725000000            0.703152        64.750000      
74     230000000000              161050000000              41050000000            120000000000           10000000000            31050000000            0.700217        65.500000      
75     230000000000              160375000000              40375000000            120000000000           10000000000            30375000000            0.697283        66.250000      
76     230000000000              159700000000              39700000000            120000000000           10000000000            29700000000            0.694348        67.000000      
77     230000000000              159025000000              39025000000            120000000000           10000000000            29025000000            0.691413        67.750000      
78     230000000000              158350000000              38350000000            120000000000           10000000000            28350000000            0.688478        68.500000      
79     230000000000              157675000000              37675000000            120000000000           10000000000            27675000000            0.685543        69.250000      
80     230000000000              157000000000              37000000000            120000000000           10000000000            27000000000            0.682609        70.000000      
81     230000000000              156325000000              36325000000            120000000000           10000000000            26325000000            0.679674        70.750000      
82     230000000000              155650000000              35650000000            120000000000           10000000000            25650000000            0.676739        71.500000      
83     230000000000              154975000000              34975000000            120000000000           10000000000            24975000000            0.673804        72.250000      
84     230000000000              154300000000              34300000000            120000000000           10000000000            24300000000            0.670870        73.000000      
85     230000000000              153625000000              33625000000            120000000000           10000000000            23625000000            0.667935        73.750000      
86     230000000000              142950000000              22950000000            120000000000           0                      22950000000            0.621522        74.500000      
87     230000000000              142275000000              22275000000            120000000000           0                      22275000000            0.618587        75.250000      
88     230000000000              141600000000              21600000000            120000000000           0                      21600000000            0.615652        76.000000      
89     230000000000              140925000000              20925000000            120000000000           0                      20925000000            0.612717        76.750000      
90     230000000000              140250000000              20250000000            120000000000           0                      20250000000            0.609783        77.500000      
91     230000000000              139575000000              19575000000            120000000000           0                      19575000000            0.606848        78.250000      
92     230000000000              138900000000              18900000000            120000000000           0                      18900000000            0.603913        79.000000      
93     230000000000              138225000000              18225000000            120000000000           0                      18225000000            0.600978        79.750000      
94     230000000000              137550000000              17550000000            120000000000           0                      17550000000            0.598043        80.500000      
95     230000000000              130000000000              10000000000            120000000000           0                      10000000000            0.565217        81.250000      
96     230000000000              130000000000              10000000000            120000000000           0                      10000000000            0.565217        82.000000      
97     230000000000              130000000000              10000000000            120000000000           0                      10000000000            0.565217        82.750000      
98     230000000000              130000000000              10000000000            120000000000           0                      10000000000            0.565217        83.500000      
99     230000000000              130000000000              10000000000            120000000000           0                      10000000000            0.565217        84.250000      
100    230000000000              130000000000              10000000000            120000000000           0                      10000000000            0.565217        85.000000      
